1
2
3
6

你先讲解一下题目，然后考察哪些内容，然后讲解每一个选项， 然后这些选项为什么对，为什么错


10
14
18
25
26
29
31
33
40
49
51

57
58


63
69
70
72
73




你先讲解一下题目，然后考察哪些内容，然后讲解每一个选项， 然后这些选项为什么对，为什么错


74
75
77
78
83
86
91
97
105
111
116
122
123
129
130
137
138
142
145
147
150
151
152
153
154
156
159
160
161
162
166
168
170
175
177
181
182
183
185
186
188
195
199
200
204
206
209
210
212
213
218
219
237
239
240
241
244
245
249
251
252
256
259
260
263
269
276
278
279
281
283
289
290
292
293
294
298
299
305
307
309
311
313
314
316
317
319
322
323
327
328
329
330
331
334
339
340
342
343
345
346
348
351
353
354
355
356
357
359
360
361
362
365
367
369
371
373
376
377
379
380
381
382
383
384
385
387
389
391
392
393
394
395
396
397
398
400
402
403
404
405
409
410
413
414
415
416
417
418
419
420
421
423
426
427
428
431
432
435
436
441
443
444
445
446
447
449
450
451
452
453
455
456
457
458
459
460
461
462
464
465
466
467
469
470
471
474
475
476
477
478
479
480
481
482
483
485
486
488
490
493
494
495
496
497
498
499
501
502
504
506
507
508
509
510
511
512
513
514
515
516
517
518
519
523
525
526
527
531
532
533
534
535
536
537
538
539
540
541
542
543
544
545
546
547
548
549
550
551
552
553
554
555
556
557